0.249423896317536
-0.193714870458268
0.341273243782797
0.218518572932186
0
0
-0.141229816983552
0.00750935334852962
0.00348151249707355
-0.148916072642055
0.189757661432456
9.14479766136186
-0.151287539975708
9.26667886247998
-19.2609100755540
0
0
-0.000911373809256453
0.00112168829759495
0
0.00903410445010800
0.0206190473628907
0.0439488052566369
0
0.0150067979453703
0.00492425999665634
0.00797746479412844
0
0
0
0.00412532883920676
0
0.00703256768953283
0
-0.00157158566628809
0
0.0746673380672980
0
0.117287237053735
0.893885387962045
0.0126123677882407
0.127989723899150
0.179907786384699
0.729903463324533
0.00220923447170400
0.000274174448977500
0.0120026777507404
0.0211236527798036
-0.0347511187546560
-0.00111430902320391
0.00432770957180307
0.000252774188371937
0.000644359715112606
-0.000374909785852717
-0.000311410522745347
0.657013114969193
