0
-5.32000000000000e-05
0.000322552000000000
9.77000000000000e-05
0
0
4.16000000000000e-05
0
0
0.0468796120000000
-0.000649928000000000
0.0175860420000000
0.0468131970000000
0.0185354930000000
0.596109315000000
0
0
-5.00000000000000e-05
0.134457172000000
0.441847894000000
0
0
0
0
0
0
0
0
0
0
0.00581997500000000
-0.000602967000000000
0.00808254700000000
-0.000206093000000000
3.65000000000000e-05
0.000523784000000000
0
0
0.208244415000000
1.56578412000000
-5.96000000000000e-05
0.232303324000000
0.322134413000000
0.000157315000000000
2.04941396200000
2.40000000000000e-05
0
0.0399858520000000
0
0
8.69000000000000e-05
-1.31000000000000e-05
4.16000000000000e-05
0.000160976000000000
2.43000000000000e-05
0.279946729863537
