6323653077.95755
0.00000000000000
64082920.9190353
0.00000000000000
40369821.0636821
27575690.0753203
40369821.0636821
27575690.0753203
-16539292.5748134
0.00000000000000
-142969.580316341
0.00000000000000
72439.1066476084
1277.46885619762
72439.1066476084
1277.46885619762
-41805518829.7330
0.00000000000000
-1161157088.70608
0.00000000000000
-139542480.996944
495527589.500014
-139542480.996944
495527589.500014
-360122876.642525
0.00000000000000
-33744332.5979553
0.00000000000000
-158953.731478257
1940059.04065666
-158953.731478257
1940059.04065666